PHONE
9297890916
7280048916
7673880916
7360019916
7280864916
7360043916
9297933916
7280015916
7360050916
7360015916
9297955916
7360033916
7280863916
7360072916
9297882916
9297872916
9297925916
7283001916
7520090916
9297969191
7808965050
9297874949
7520253838
9297887171
7360062424
7280033838
7280048585
7280048989
7549332525
7281060909
7360048787
7360016969
9297799595
9297955454
7360016464
7360027676
7283008484
7673880303
7673880505
7280898585
9297799797
9297799898
7360044141
9297933030
8298030101
9297986262
8051191313
9297870303
7673880404
8405902828
7280048383
7280016464
9297899393
7360029595
9297873535
9297887070
9297863131
9297874646
9297876464
8406804848
7360044343
7360015656
7360016565
7360024343
7360043838
7280081616
9297905252
7280016363
7280048686
7283007575
7280058989
7280069898
7280052121
7360043939
7360051717
9297886262
9297882323
9297893838
9297875454
7280898282
9297925656
9297959393
9297873232
7281870909
9297799393
9297969292
9297927575
9570124747
7360063030
9297862727
9297874141
9297874242
9297875252
9297799696
9297873434
9297875858
9297876060
7281940909
7360035656
7360027070
7360040101
7360050909
7360027979
7280055858
7280068585
7283003636
7281960909
9297883131
9297925959
9297933838
9297904747
9297929494
7280023535
7360037979
7673880707
7280016868
9297931515
9297925454
9297921313
9297925757
7360082727
7280055151
7360040202
7360012525
7360016868
9297875959
9297936464
7360029494
7360044545
7360033939
7360062323
7360073636
7280077676
8678088181
9297875151
7280029494
7808967171
7280870808
9297918080
7280016262
7280045858
7360070303
7360072929
7360057070
7360057171
7360024949
9297959696
8407001414
8298955454
9297870505
7280898383
7280876969
9297925353
9297936565
9570195858
7280016565
7283005252
8406904747
7280016767
7280023434
8406904848
7360035252
9297874848
9297894848
9297872929
8404856363
7283009494
9297874343
9297875656
7808894646
7360912626
8678038181
8298299494
9297799494
7280015959
7280898484
9297887373
9297894747
9297895151
7283005757
8051040808
9297875353
9297927676
9297922424
9297925858
9297930404
9297900606
7280023131
9297872121
9297875050
9297873131
9297919595
7283005656
9534088181
7280897171
7280066060
9297970304
9297970305
9297970332
9297970334
9297970335
9297970337
9297970338
9297970342
9297970343
9297970345
9297970346
9297970348
9297970350
9297970351
9297970353
9297970354
9297970356
9297970358
9297970359
9297970366
9297970367
9297970369
9297970370
9297970372
9294949517
9294949519
9294949520
9294949522
9294949524
8298980901
9297977217
9297977231
9297977250
9297977253
9297977258
9297977261
9297977263
9297977269
9297977271
9297977274
9297977279
9297977293
9297977295
9297970094
9297970095
9297970096
9297970097
9297970098
9297970994
9297972686
9297972687
9297972689
9297972692
9297972694
9297972714
9297974077
9297977682
9297977684
9297978345
9297978348
7280800820
9297974924
9297974925
9297974926
9297974927
9297974928
9297974929
9297974930
9297974931
9297974932
9297974933
9297974934
9297974935
9297974936
9297974937
9297974938
9297974939
9297974941
9297974942
9297974944
9297974946
9297974947
9297974950
9297974952
9297974954
9297974955
9297974957
9297974958
9297974960
9297974962
9297974963
9297974965
9297974966
9297974968
9297974970
9297974971
9297974973
9297974976
9297974978
9297974979
9297974981
9297974982
9297974984
9297974986
9297974987
9297977218
9297977219
9297977230
9297977232
9297978344
9297978346
9297978347
9297978349
9297978350
9297970225
9297970250
9297970253
9297970255
9297970258
9297970261
9297970263
9297970269
9297970271
9297970274
9297970360
9297970368
9297970371
9297970373
9297970390
9297970393
9297970395
9297970398
9294949510
9294949518
9294949521
9294949526
8406060012
8406060548
9297970611
9297978254
9297978257
9297978259
9297978262
9297978267
9297975681
9297975684
9297975686
9297975689
9297975692
9297975710
9297975713
9297975715
9297977298
9297974327
9297974328
9297974330
9297974332
9570708535
9297974226
9297974262
9297974263
9297974546
9297975680
9297975682
9297975683
9297975685
9297975687
9297975688
9297975690
9297975691
9297975693
9297974576
9297974577
9297974578
9297974579
9297974580
9297974581
9297974582
9297974583
9297974584
9297974585
9297974586
9297974587
9297974588
9297974589
9297974591
9297974592
9297974594
9297974596
9297974597
9297974602
9297974604
9297974605
9297974607
9297974608
9297974610
9297974612
9297974613
9297974615
9297974616
9297974618
9297974620
9297974621
9297974623
9297974624
9297974626
9297974628
9297974629
9297974631
9297974632
9297974634
9297974636
9297974637
9297974639
9297974640
9297974642
9297975694
9297975695
9297975696
9297975697
9297975698
9297975701
9297975702
9297975703
9297975704
9297975705
9297975706
9297975707
9297975708
9297975709
9297975711
9297975712
9297975714
9297975716
9297975717
9297975719
9297975720
9297975722
9297975724
9297975725
9297975727
9297975728
9297975730
9297975732
9297975733
9297975735
9297975736
9297975738
9297975740
9297975741
9297975743
9297975744
9297975746
9297975748
9297975749
9297975760
9297975762
9297975763
9297974645
9297974647
9297974648
9297974650
9297974651
9297974653
9297974655
9297974656
9297974657
9297974658
9297974659
9297974660
9297974661
9297974662
9297974663
9297974664
9297974665
9297974667
9297974668
9297974669
9297974670
9297974671
9297974673
9297974674
9297974676
9297974678
9297974679
9297974681
9297974682
9297974684
9297974686
9297974687
9297974689
9297974690
9297975764
9297975765
9297975766
9297975767
9297975768
9297975769
9297975770
9297975771
9297975772
9297975773
9297975774
9297975775
9297975776
9297975778
9297975779
9297974725
9297974726
9297974727
9297974728
9297974729
9297974731
9297974732
9297974734
9297974736
9297974737
9297974739
9297974750
9297974752
9297974753
9297974755
9297974756
9297974758
9297974760
9297974761
9297974763
9297974764
9297974766
9297974768
9297974769
9297974771
9297974772
9297974774
9297974776
9297974779
9297970070
9297970071
9297970073
9297970074
9297970076
9297970078
9297970081
9297970082
9297970084
9297970086
9297970087
9297970089
9297970090
9297970092
9297970462
9297970466
9297970467
9297970470
9297970475
9297970477
9297970478
9297970480
9297970488
9297970490
9297970491
9297970493
9297970494
9297970496
9297970864
9297970865
9297970866
9297970867
9297970868
9297970869
9297971704
9297971705
9297971706
9297971708
9297971709
9297972194
9297972195
9297972196
9297972197
9297972671
9297972676
9297972677
9297972679
9297972682
9297972191
9297972193
9297970010
9297970012
9297970013
9297970016
9297970017
9297970019
9297970374
9297970375
9297970376
9297970378
9297970379
9297970380
9297970381
9297970382
9297970384
9297970385
9297970386
9297970387
9297970389
9297970391
9297970392
9297970396
9297970397
9297970796
9297970798
9297970820
9297970824
9297970828
9297970832
9297970833
9297970835
9297970836
9297970838
9297970840
9297970841
9297970843
9297970846
9297970848
9297970849
9297970851
9297970852
9297970854
9297970856
9297970859
9297970860
9297970862
9297970863
9297971643
9297971644
9297971645
9297971646
9297971647
9297971648
9297971649
9297971651
9297971652
9297971654
9297971656
9297971657
9297971659
9297971660
9297971662
9297971664
9297971665
9297971667
9297971668
9297971670
9297971672
9297971673
9297971675
9297971676
9297971678
9297971680
9297971681
9297971683
9297971684
9297971686
9297971688
9297971689
9297971691
9297971692
9297971694
9297971696
9297971697
9297972184
9297972186
8298987070
9297973273
9297973276
9297974870
9297974873
9297974875
9297974878
9297974881
9297974883
9297974886
9297974889
9297974891
9297974894
9297974897
9297974902
9297974905
9297974907
9297974910
9297974913
9297974915
9297974918
9297974921
9297974923
9297974940
9297974943
9297974945
9297974948
9297974951
9297974953
9297974956
9297974959
9297974961
9297974964
9297974967
9297974969
9297974972
9297970014
9297974672
9297974675
9297974677
9297974680
9297974683
9297974685
9297974688
9297974730
9297974733
9297974735
9297974738
9297974751
9297974754
9297974757
9297974759
9297971650
9297971653
9297971655
9297971658
9297971661
9297971663
9297971669
9297971671
9297971674
9297971677
9297971679
9297971682
9297971685
9297971687
9297973279
9297973281
9297973284
9297973287
9297973289
9297973292
9297973295
9297973297
9297978090
9297978093
9297978098
9297974975
9297974977
9297974980
9297974983
9297974985
9297974078
9297974108
9297975718
9297975721
9297975723
9297975726
9297975729
9297971058
9297971066
9297971069
9297971109
9297971120
9297971123
9297970242
9297970246
9297970247
9297970248
9297970251
9297970252
9297970254
9297970256
9297970257
9297970259
9297970260
9297970262
9297970264
9297970265
9297970267
9297970268
9297970272
9297970674
9297970676
9297970677
9297970679
9297970688
9297970690
9297970696
9297970698
9297971105
9297971121
9297971124
9297971517
9297971520
9709096720
9297970847
9297970850
9297970861
9297970821
9297970823
9297970829
9297970831
9297970837
9297970839
9297974780
9297974782
9297976163
9297976164
9297976166
9297976168
9297976169
9297976171
9297977234
9297977235
9297977236
9297977237
9297977238
9297977239
9297977240
9297977241
9297977242
9297977243
9297977245
9297977246
9297977247
9297977248
9297977249
9297977251
9297977252
9297977254
9297977256
9297977257
9297977259
9297977260
9297977262
9297977264
9297977265
9297977267
9297977268
9297977270
9297977275
9297977276
9297977278
9297977280
9297977291
9297977292
9297977294
9297977296
9297977297
9297978086
9297978087
9297978088
9297978089
9297978091
9297978092
9297978094
9297978097
9297974784
9297974785
9297974787
9297974788
9297974789
9297974790
9297974791
9297974792
9297974793
9297974794
9297974795
9297974796
9297974797
9297974798
9297974802
9297974803
9297974805
9297974807
9297974808
9297974810
9297974811
9297974813
9297974815
9297974816
9297974818
9297974819
9297974821
9297974823
9297974824
9297974826
9297974827
9297974829
9297974831
9297974832
9297974834
9297974835
9297974837
9297974839
9297974840
9297974842
9297974843
9297974845
9297974847
9297974850
9297974851
9297974853
9297978191
9297978193
9297978194
9297978196
9297978198
9297974854
9297974855
9297974856
9297974857
9297974858
9297974859
9297974860
9297974861
9297974862
9297974863
9297974864
9297974865
9297974866
9297974867
9297974868
9297974869
9297970675
9297970678
9297970015
9297970018
9297970072
9297970075
9297970080
9297970083
9297970085
9297970091
9297970093
9297979075
8298986262
9297975731
9297975734
9297975737
9297975739
9297975742
9297975745
9297975747
9297975761
9297970336
9297970339
9297970341
9297970344
9297970347
9297970349
9297970352
9297970357
9297978192
9297978195
9297978197
9297978249
9297974541
9297974547
9297976162
9297976165
9297976167
9297976170
9297970993
9297971040
9297971045
9297971048
9297972670
9297972703
9297972705
9297971518
9297973271
9297974778
9297974781
9297974783
9297974801
9297974804
9297974806
9297974809
9297974812
9297974814
9297974817
9297974820
9297974822
9297974825
9297974828
9297974830
9297974833
9297974836
9297974838
9297974841
9297974844
9297974846
9297974849
9297974852
9297971690
9297971693
9297971695
9297971698
9297971752
9297974619
9297974622
9297974625
9297974627
9297974630
9297974633
9297974635
9297974638
9297974641
9297974643
9297974644
9297974649
9297974652
9297974654
9297974127
9297974129
9297974132
9297974135
9297974137
9297974140
9297974145
9297974148
9297974151
9297974153
9297974175
9297974178
9297974267
9297974269
9297974326
9297974329
9297974331
9297974191
9297974194
9297977683
9297974762
9297974765
9297974767
9297974770
9297974773
9297974775
9297974590
9297974593
9297974595
9297974598
9297974601
9297974603
9297974606
9297974609
9297974611
9297974614
9297974617
9297970206
9297970207
9297970208
9297970209
9297970210
9297970211
9297970212
9297970213
9297970214
9297970610
9297971018
9297971019
9297971036
9297971038
9297971046
9297971049
9297971057
9297971065
9297971067
9297971068
9297972341
9297972342
9297972343
9297972344
9297973207
9297974114
9297974117
9297974126
9297974128
9297974130
9297974131
9297974133
9297974134
9297974136
9297974138
9297974139
9297974142
9297974144
9297974146
9297974147
9297974149
9297974150
9297974152
9297973251
9297973253
9297973269
9297973270
9297973272
9297973274
9297973275
9297973277
9297973278
9297973280
9297973282
9297973283
9297973285
9297973286
9297973288
9297973290
9297973291
9297973293
9297973294
9297973296
9297973298
9297974154
9297974155
9297974156
9297974157
9297974158
9297974159
9297974160
9297974174
9297974176
9297974177
9297974179
9297974192
9297974193
9297974195
9297974196
9297970465
9297970468
9297970471
9297970476
9297970479
9297970489
9297970495
9297974871
9297974872
9297974874
9297974876
9297974877
9297974879
9297974880
9297974882
9297974884
9297974885
9297974887
9297974890
9297974892
9297974893
9297974895
9297974896
9297974898
9297974901
9297974903
9297974904
9297974906
9297974908
9297974909
9297974911
9297974912
9297974914
9297974916
9297974917
9297974919
9297974920
9297974922
9297978252
9297978253
9297978255
9297978256
9297978258
9297978260
9297978261
9297978263
9297978264
9297978266
9297978268
9297978269
7280800791
7280800792
7280800793
7280800794
7280800795
7280800796
9570006464
9570006868
8407800677
7280033822
7280033844
8407800177
9297977233
9297977255
9297977266
9297799611
9297955877
9297955922
7280077688
7360011244
7360011255
7360011277
7808900433
9297955644
9297799788
9297799833
9297799844
9297799855
9297799866
7360044155
7360044166
7360044266
7360044388
9297933022
7549977088
7280877244
9297799244
9297955488
7546900433
9297799588
9297799622
9297799633
9297899366
9297900611
9297900622
9297944755
9297944766
9297933855
9297933922
7672811055
7360044177
7360044188
7360044277
7360044288
7360044311
7360044322
7360044355
7360044366
7360044377
7360044511
7360044522
7360044533
8407800655
9297877033
7280011688
7280077188
7280077633
7280077644
7280066033
8407800688
7360011933
7360011944
9297933911
8407800188
9297900566
9297900577
9297799677
9297799688
9297799711
9297799722
9297799733
9297799744
9297799755
9297799766
9297922455
9297922466
9297922477
7360033211
7280055933
7280055944
7672811066
7672811077
7672811088
9297922433
9297922488
9297933844
9297933866
9297933877
7360044011
7360044055
9297955911
9297799355
9297944788
7280055122
7280055133
7280055144
9297877044
9297866544
7280055166
7546900144
7360044566
7360044577
7360044588
7360033066
7360033077
7360033911
7360033922
7360033944
9297977244
9297977299
9297977300
9297799411
9297799422
9297799433
9297799877
7280844188
9297799811
9297799822
7808900422
7280011033
7360011022
7360011922
9297900588
9297900633
9297900644
9297900655
9297799466
9297799366
9297799377
9297799388
9297799455
9297799477
9297799488
9297944277
7280022044
7280066088
8406900166
9297933011
9297933044
7280044066
7808900411
9297900677
9297900688
9297955466
9297955477
9297955966
9297955977
9297955988
8406900966
9297904799
9297969199
9297969899
9297873699
9297895199
7360060699
7280043299
7808958699
7547889199
7360043699
7360048799
7360012599
7360016899
7360040299
7360048199
7280033799
7360083099
9297955899
7283003699
7360012099
7360024199
7673880299
7360042599
7280898599
7672812499
7808952199
7808960599
7360044099
7360044399
7360044599
7672890499
9297994099
7673880399
9297955499
9297870399
7280076099
7520091299
7360027899
7360029599
7360031399
7360035699
7672811099
9297873499
7280861799
9297887099
8405802599
7360035499
7360044199
7360044299
7360013899
7360016499
7360017399
7360024299
7280010599
7280023599
7280073899
9297890899
9297970699
7360076799
7280011699
7280016399
7283007599
7280062199
7280069899
7280072499
7280060899
8407800699
7360043899
7360051699
7280873499
9297974599
9297894699
7280898299
9297925699
7280870399
7360012899
9297922499
9297959399
7360062799
9297968599
9297873199
7280015899
7547071399
9297970399
9297970799
9297971699
9297905099
9297927599
7672801099
7280081699
7280072599
8405804699
9297882199
9297886199
7360063599
8405077299
7360045799
7360014899
7360019299
7360021899
7360027099
7360031499
7280070299
7280067099
7280076299
9297974899
9297925099
9297933899
9297921299
9297870799
7280016899
7360040599
7360015499
7360016399
7360018099
7673880699
9297925499
9297894899
7360060899
7360070399
7360082699
9297905299
7280990499
7360040199
7360057199
9297879199
7360031599
9297936399
9534661699
7360029499
7360031299
7360024399
8406004299
9297987399
9297978099
9297974799
9297978199
7280077699
7280071499
7280029499
9297944799
9297925399
7360074599
7360081499
9297959699
9534133299
7280898399
9297925299
9297926199
9297936599
8406901799
9297895099
7280048399
9297992099
9297993199
9297882499
7280048799
7280016499
7280016599
7283006099
7280897199
7280016799
8051374899
7360019599
7360020499
7360033499
9297871899
9297872899
9297900599
7283006899
7283008499
7283008399
9297873299
9297904399
9297894799
8405802399
9297936499
9297959099
9297925899
8406802099
7360070899
8406004399
7280879399
7280898499
7280844199
9297889299
7280066099
7280082699
9297893499
7283003099
7283005399
8407800499
9297921399
9297925799
9297927699
9297930299
7280044099
9297880199
9297900699
9297862599
9297901099
9297880699
9297862699
9297904099
9297973299
9297961899
9297878099
7283003299
7547889499
7280068499
8407800668
8407800669
8407800665
8407800667
9297977220
9297977223
9297977225
9297977228
9297955880
9297955882
9297955441
9297955443
9297955446
9297955448
9297955449
9297955884
9297955885
9297955886
9297955887
9297955889
9297977221
9297977224
9297977226
9297977227
9297977229
9709411226
9297955442
9297955445
9297955447
7546900445
9570311990
9297933881
9297933884
9297933887
9297933889
8407800660
8407800661
8407800662
8407800663
8407800664
9297866114
9297866117
9297866119
7280866229
7280877551
9297922550
9297922442
9297922447
9709511225
9709411224
9297922440
9297922443
9297922446
9297922448
9297922449
9297933880
9297933882
9297933883
9297933885
9297933886
9297955881
9297955883
9297911660
9297944770
9297944771
9297944772
9297944773
9297944774
9297944775
9297944776
9297944778
9297944779
7545855119
9297866559
7631788553
9297866115
9297866558
7280877993
8051077446
9534244223
9297933001
9297933002
9297933003
9297933004
9297933006
9297933008
9297933009
9297900660
9297900661
9297900662
9297900663
9297900664
9297900665
9297900667
9297900668
9297900669
9709211223
9297955990
9709844110
7808900448
7808900449
7672801014
7672801017
9297873730
7520031312
7520031318
7280036364
7280036365
7280036367
9297905052
9297905053
9297905055
9297905056
9297905058
9297972725
7360024240
9297921211
9297921214
9297921217
9297921219
9570658587
7545813138
9297871712
9297871714
9297871715
9297871718
7360036360
7360051516
7360051517
7360051518
7360051519
7360024241
7360024243
7360024244
7360024245
7360024246
7360024247
7360024248
7360024249
9297862622
9297862627
9297862623
9297975751
9297975752
9297975754
9297975755
9297975759
9297974740
9297974742
9297974744
9297974745
9297974748
9297971715
9297971716
8298013133
9709603032
9297905051
7360076761
7360076762
7360076763
7360076764
7360076765
7360076766
7360076769
9297902029
9297870702
9297870703
9297870704
9297870705
9297870706
9297870708
9297870709
8298603032
7360043433
7360043435
7360043436
7360043437
7360043438
7360043439
7360076768
7672801015
7672801016
7672801018
7672801019
9297921210
9297921213
9297921215
9297921216
9297921218
9297936364
9297936365
9297936366
9297936367
9297936368
9297936369
9297937375
9297937376
9297974741
9297974743
9297974746
9297974749
9534331315
9297871713
9297871716
9297871719
9297905054
9297905057
9297905059
7360031311
7360031314
7360025255
7360025256
7360025257
7360031315
7360031316
7360031317
7360031318
7360031319
7280072726
7280072728
7280072729
8676869697
9709259590
9297968684
8405004046
8405004047
9297975750
9297975753
9297975756
9297975758
9570895950
9297968683
9297968685
9297972721
7283001012
7283001014
9297862620
9297862621
9297862624
9297862625
9297862628
9297862629
9297937374
9297937377
9297937379
9297904800
9297873700
8406904300
8298370800
9297890900
9297894800
9297895200
7631361700
7360043700
7360016900
7360040300
9297799600
7283003700
7360012100
7673880400
7673880600
7280898600
9297799800
7360044100
7360044600
7672890500
9297994100
7808960600
7283005400
9709259400
7280076100
7520091300
9709416100
7360029600
7360035700
9297933900
9709504500
9297870800
9297873500
7672812500
9297996700
7360040700
7360044200
7360044300
7360044500
7360017400
7280010600
7280023600
9294920100
8406904200
7280073900
9297961200
9570653200
7280016400
7283007600
7280067200
7280077200
9709828300
7280072500
7549450900
7280070100
7360043900
7360025800
9297921300
8407804700
9297974600
9297975700
9297984100
9297895100
8676074800
7280898300
9297922500
7672890100
7360062800
9709642300
7280016700
9297925600
7547071400
9297905300
9534372100
9297905100
7280081700
9709595100
8405804700
9297873200
9297886200
9297882300
7360063600
9570637800
9297862700
9297799700
9297785100
9297882500
9297981200
7360014900
7360019300
7360021900
7360027100
7360040100
7280076300
9297921200
9297925100
9297936400
9570635200
9570640800
7672840100
9534145900
7520091800
7360040600
7360051400
7360016400
9709369700
9297959400
7673880900
9297970300
9297955900
8298173500
7360082700
9297944800
9709608200
7360040200
7360057200
9297878100
9297880200
7280058600
9570645400
7360027800
7360029500
7360043400
7360083100
9297926200
9297978100
9297974800
7280071500
9709411400
9570657200
7280029500
7280023500
9297880700
9297925400
7360081500
7280872700
9709350200
7360012900
9709599400
8877049400
7280898400
9297925300
9709865400
7281003400
9297992100
9297993200
9297983200
7808957600
9297978200
9709280100
7280050100
7280016500
7283003200
7283006100
7280897200
7282085100
7360019600
7360033500
7808920100
9297894900
9297872900
7283006900
7283008400
9534063100
9709359600
9297887100
9297799400
9709751200
9297936500
9297959100
7360076900
8406802100
7280898500
9570657400
9297893500
9297894700
7283003100
9570099700
9297886300
9297925800
9297930300
9297925900
7280044100
7631247800
9709429700
9709336300
9297862600
9297970200
9297904100
9297959700
9297921400
8406904100
9297974900
9709290300
7808959600
7280068500
9297925700
7360048143
8406003143
7360044143
9297883143
7280052143
7360040143
9297863143
7520031143
7280055143
9297873143
9297969143
9297974143
9297921143
7280023143
9297871143
9297981143
9297890916
7280048916
7673880916
7360019916
7280864916
7360043916
9297933916
7280015916
7360050916
7360015916
9297955916
7360033916
7280863916
7360072916
9297882916
9297872916
9297925916
7283001916
7520090916
9297969191
7808965050
9297874949
7520253838
9297887171
7360062424
7280033838
7280048585
7280048989
7549332525
7281060909
7360048787
7360016969
9297799595
9297955454
7360016464
7360027676
7283008484
7673880303
7673880505
7280898585
9297799797
9297799898
7360044141
9297933030
8298030101
9297986262
8051191313
9297870303
7673880404
8405902828
7280048383
7280016464
9297899393
7360029595
9297873535
9297887070
9297863131
9297874646
9297876464
8406804848
7360044343
7360015656
7360016565
7360024343
7360043838
7280081616
9297905252
7280016363
7280048686
7283007575
7280058989
7280069898
7280052121
7360043939
7360051717
9297886262
9297882323
9297893838
9297875454
7280898282
9297925656
9297959393
9297873232
7281870909
9297799393
9297969292
9297927575
9570124747
7360063030
9297862727
9297874141
9297874242
9297875252
9297799696
9297873434
9297875858
9297876060
7281940909
7360035656
7360027070
7360040101
7360050909
7360027979
7280055858
7280068585
7283003636
7281960909
9297883131
9297925959
9297933838
9297904747
9297929494
7280023535
7360037979
7673880707
7280016868
9297931515
9297925454
9297921313
9297925757
7360082727
7280055151
7360040202
7360012525
7360016868
9297875959
9297936464
7360029494
7360044545
7360033939
7360062323
7360073636
7280077676
8678088181
9297875151
7280029494
7808967171
7280870808
9297918080
7280016262
7280045858
7360070303
7360072929
7360057070
7360057171
7360024949
9297959696
8407001414
8298955454
9297870505
7280898383
7280876969
9297925353
9297936565
9570195858
7280016565
7283005252
8406904747
7280016767
7280023434
8406904848
7360035252
9297874848
9297894848
9297872929
8404856363
7283009494
9297874343
9297875656
7808894646
7360912626
8678038181
8298299494
9297799494
7280015959
7280898484
9297887373
9297894747
9297895151
7283005757
8051040808
9297875353
9297927676
9297922424
9297925858
9297930404
9297900606
7280023131
9297872121
9297875050
9297873131
9297919595
7283005656
9534088181
7280897171
7280066060
9297970304
9297970305
9297970332
9297970334
9297970335
9297970337
9297970338
9297970342
9297970343
9297970345
9297970346
9297970348
9297970350
9297970351
9297970353
9297970354
9297970356
9297970358
9297970359
9297970366
9297970367
9297970369
9297970370
9297970372
9294949517
9294949519
9294949520
9294949522
9294949524
8298980901
9297977217
9297977231
9297977250
9297977253
9297977258
9297977261
9297977263
9297977269
9297977271
9297977274
9297977279
9297977293
9297977295
9297970094
9297970095
9297970096
9297970097
9297970098
9297970994
9297972686
9297972687
9297972689
9297972692
9297972694
9297972714
9297974077
9297977682
9297977684
9297978345
9297978348
7280800820
9297974924
9297974925
9297974926
9297974927
9297974928
9297974929
9297974930
9297974931
9297974932
9297974933
9297974934
9297974935
9297974936
9297974937
9297974938
9297974939
9297974941
9297974942
9297974944
9297974946
9297974947
9297974950
9297974952
9297974954
9297974955
9297974957
9297974958
9297974960
9297974962
9297974963
9297974965
9297974966
9297974968
9297974970
9297974971
9297974973
9297974976
9297974978
9297974979
9297974981
9297974982
9297974984
9297974986
9297974987
9297977218
9297977219
9297977230
9297977232
9297978344
9297978346
9297978347
9297978349
9297978350
9297970225
9297970250
9297970253
9297970255
9297970258
9297970261
9297970263
9297970269
9297970271
9297970274
9297970360
9297970368
9297970371
9297970373
9297970390
9297970393
9297970395
9297970398
9294949510
9294949518
9294949521
9294949526
8406060012
8406060548
9297970611
9297978254
9297978257
9297978259
9297978262
9297978267
9297975681
9297975684
9297975686
9297975689
9297975692
9297975710
9297975713
9297975715
9297977298
9297974327
9297974328
9297974330
9297974332
9570708535
9297974226
9297974262
9297974263
9297974546
9297975680
9297975682
9297975683
9297975685
9297975687
9297975688
9297975690
9297975691
9297975693
9297974576
9297974577
9297974578
9297974579
9297974580
9297974581
9297974582
9297974583
9297974584
9297974585
9297974586
9297974587
9297974588
9297974589
9297974591
9297974592
9297974594
9297974596
9297974597
9297974602
9297974604
9297974605
9297974607
9297974608
9297974610
9297974612
9297974613
9297974615
9297974616
9297974618
9297974620
9297974621
9297974623
9297974624
9297974626
9297974628
9297974629
9297974631
9297974632
9297974634
9297974636
9297974637
9297974639
9297974640
9297974642
9297975694
9297975695
9297975696
9297975697
9297975698
9297975701
9297975702
9297975703
9297975704
9297975705
9297975706
9297975707
9297975708
9297975709
9297975711
9297975712
9297975714
9297975716
9297975717
9297975719
9297975720
9297975722
9297975724
9297975725
9297975727
9297975728
9297975730
9297975732
9297975733
9297975735
9297975736
9297975738
9297975740
9297975741
9297975743
9297975744
9297975746
9297975748
9297975749
9297975760
9297975762
9297975763
9297974645
9297974647
9297974648
9297974650
9297974651
9297974653
9297974655
9297974656
9297974657
9297974658
9297974659
9297974660
9297974661
9297974662
9297974663
9297974664
9297974665
9297974667
9297974668
9297974669
9297974670
9297974671
9297974673
9297974674
9297974676
9297974678
9297974679
9297974681
9297974682
9297974684
9297974686
9297974687
9297974689
9297974690
9297975764
9297975765
9297975766
9297975767
9297975768
9297975769
9297975770
9297975771
9297975772
9297975773
9297975774
9297975775
9297975776
9297975778
9297975779
9297974725
9297974726
9297974727
9297974728
9297974729
9297974731
9297974732
9297974734
9297974736
9297974737
9297974739
9297974750
9297974752
9297974753
9297974755
9297974756
9297974758
9297974760
9297974761
9297974763
9297974764
9297974766
9297974768
9297974769
9297974771
9297974772
9297974774
9297974776
9297974779
9297970070
9297970071
9297970073
9297970074
9297970076
9297970078
9297970081
9297970082
9297970084
9297970086
9297970087
9297970089
9297970090
9297970092
9297970462
9297970466
9297970467
9297970470
9297970475
9297970477
9297970478
9297970480
9297970488
9297970490
9297970491
9297970493
9297970494
9297970496
9297970864
9297970865
9297970866
9297970867
9297970868
9297970869
9297971704
9297971705
9297971706
9297971708
9297971709
9297972194
9297972195
9297972196
9297972197
9297972671
9297972676
9297972677
9297972679
9297972682
9297972191
9297972193
9297970010
9297970012
9297970013
9297970016
9297970017
9297970019
9297970374
9297970375
9297970376
9297970378
9297970379
9297970380
9297970381
9297970382
9297970384
9297970385
9297970386
9297970387
9297970389
9297970391
9297970392
9297970396
9297970397
9297970796
9297970798
9297970820
9297970824
9297970828
9297970832
9297970833
9297970835
9297970836
9297970838
9297970840
9297970841
9297970843
9297970846
9297970848
9297970849
9297970851
9297970852
9297970854
9297970856
9297970859
9297970860
9297970862
9297970863
9297971643
9297971644
9297971645
9297971646
9297971647
9297971648
9297971649
9297971651
9297971652
9297971654
9297971656
9297971657
9297971659
9297971660
9297971662
9297971664
9297971665
9297971667
9297971668
9297971670
9297971672
9297971673
9297971675
9297971676
9297971678
9297971680
9297971681
9297971683
9297971684
9297971686
9297971688
9297971689
9297971691
9297971692
9297971694
9297971696
9297971697
9297972184
9297972186
8298987070
9297973273
9297973276
9297974870
9297974873
9297974875
9297974878
9297974881
9297974883
9297974886
9297974889
9297974891
9297974894
9297974897
9297974902
9297974905
9297974907
9297974910
9297974913
9297974915
9297974918
9297974921
9297974923
9297974940
9297974943
9297974945
9297974948
9297974951
9297974953
9297974956
9297974959
9297974961
9297974964
9297974967
9297974969
9297974972
9297970014
9297974672
9297974675
9297974677
9297974680
9297974683
9297974685
9297974688
9297974730
9297974733
9297974735
9297974738
9297974751
9297974754
9297974757
9297974759
9297971650
9297971653
9297971655
9297971658
9297971661
9297971663
9297971669
9297971671
9297971674
9297971677
9297971679
9297971682
9297971685
9297971687
9297973279
9297973281
9297973284
9297973287
9297973289
9297973292
9297973295
9297973297
9297978090
9297978093
9297978098
9297974975
9297974977
9297974980
9297974983
9297974985
9297974078
9297974108
9297975718
9297975721
9297975723
9297975726
9297975729
9297971058
9297971066
9297971069
9297971109
9297971120
9297971123
9297970242
9297970246
9297970247
9297970248
9297970251
9297970252
9297970254
9297970256
9297970257
9297970259
9297970260
9297970262
9297970264
9297970265
9297970267
9297970268
9297970272
9297970674
9297970676
9297970677
9297970679
9297970688
9297970690
9297970696
9297970698
9297971105
9297971121
9297971124
9297971517
9297971520
9709096720
9297970847
9297970850
9297970861
9297970821
9297970823
9297970829
9297970831
9297970837
9297970839
9297974780
9297974782
9297976163
9297976164
9297976166
9297976168
9297976169
9297976171
9297977234
9297977235
9297977236
9297977237
9297977238
9297977239
9297977240
9297977241
9297977242
9297977243
9297977245
9297977246
9297977247
9297977248
9297977249
9297977251
9297977252
9297977254
9297977256
9297977257
9297977259
9297977260
9297977262
9297977264
9297977265
9297977267
9297977268
9297977270
9297977275
9297977276
9297977278
9297977280
9297977291
9297977292
9297977294
9297977296
9297977297
9297978086
9297978087
9297978088
9297978089
9297978091
9297978092
9297978094
9297978097
9297974784
9297974785
9297974787
9297974788
9297974789
9297974790
9297974791
9297974792
9297974793
9297974794
9297974795
9297974796
9297974797
9297974798
9297974802
9297974803
9297974805
9297974807
9297974808
9297974810
9297974811
9297974813
9297974815
9297974816
9297974818
9297974819
9297974821
9297974823
9297974824
9297974826
9297974827
9297974829
9297974831
9297974832
9297974834
9297974835
9297974837
9297974839
9297974840
9297974842
9297974843
9297974845
9297974847
9297974850
9297974851
9297974853
9297978191
9297978193
9297978194
9297978196
9297978198
9297974854
9297974855
9297974856
9297974857
9297974858
9297974859
9297974860
9297974861
9297974862
9297974863
9297974864
9297974865
9297974866
9297974867
9297974868
9297974869
9297970675
9297970678
9297970015
9297970018
9297970072
9297970075
9297970080
9297970083
9297970085
9297970091
9297970093
9297979075
8298986262
9297975731
9297975734
9297975737
9297975739
9297975742
9297975745
9297975747
9297975761
9297970336
9297970339
9297970341
9297970344
9297970347
9297970349
9297970352
9297970357
9297978192
9297978195
9297978197
9297978249
9297974541
9297974547
9297976162
9297976165
9297976167
9297976170
9297970993
9297971040
9297971045
9297971048
9297972670
9297972703
9297972705
9297971518
9297973271
9297974778
9297974781
9297974783
9297974801
9297974804
9297974806
9297974809
9297974812
9297974814
9297974817
9297974820
9297974822
9297974825
9297974828
9297974830
9297974833
9297974836
9297974838
9297974841
9297974844
9297974846
9297974849
9297974852
9297971690
9297971693
9297971695
9297971698
9297971752
9297974619
9297974622
9297974625
9297974627
9297974630
9297974633
9297974635
9297974638
9297974641
9297974643
9297974644
9297974649
9297974652
9297974654
9297974127
9297974129
9297974132
9297974135
9297974137
9297974140
9297974145
9297974148
9297974151
9297974153
9297974175
9297974178
9297974267
9297974269
9297974326
9297974329
9297974331
9297974191
9297974194
9297977683
9297974762
9297974765
9297974767
9297974770
9297974773
9297974775
9297974590
9297974593
9297974595
9297974598
9297974601
9297974603
9297974606
9297974609
9297974611
9297974614
9297974617
9297970206
9297970207
9297970208
9297970209
9297970210
9297970211
9297970212
9297970213
9297970214
9297970610
9297971018
9297971019
9297971036
9297971038
9297971046
9297971049
9297971057
9297971065
9297971067
9297971068
9297972341
9297972342
9297972343
9297972344
9297973207
9297974114
9297974117
9297974126
9297974128
9297974130
9297974131
9297974133
9297974134
9297974136
9297974138
9297974139
9297974142
9297974144
9297974146
9297974147
9297974149
9297974150
9297974152
9297973251
9297973253
9297973269
9297973270
9297973272
9297973274
9297973275
9297973277
9297973278
9297973280
9297973282
9297973283
9297973285
9297973286
9297973288
9297973290
9297973291
9297973293
9297973294
9297973296
9297973298
9297974154
9297974155
9297974156
9297974157
9297974158
9297974159
9297974160
9297974174
9297974176
9297974177
9297974179
9297974192
9297974193
9297974195
9297974196
9297970465
9297970468
9297970471
9297970476
9297970479
9297970489
9297970495
9297974871
9297974872
9297974874
9297974876
9297974877
9297974879
9297974880
9297974882
9297974884
9297974885
9297974887
9297974890
9297974892
9297974893
9297974895
9297974896
9297974898
9297974901
9297974903
9297974904
9297974906
9297974908
9297974909
9297974911
9297974912
9297974914
9297974916
9297974917
9297974919
9297974920
9297974922
9297978252
9297978253
9297978255
9297978256
9297978258
9297978260
9297978261
9297978263
9297978264
9297978266
9297978268
9297978269
7280800791
7280800792
7280800793
7280800794
7280800795
7280800796
9570006464
9570006868
8407800677
7280033822
7280033844
8407800177
9297977233
9297977255
9297977266
9297799611
9297955877
9297955922
7280077688
7360011244
7360011255
7360011277
7808900433
9297955644
9297799788
9297799833
9297799844
9297799855
9297799866
7360044155
7360044166
7360044266
7360044388
9297933022
7549977088
7280877244
9297799244
9297955488
7546900433
9297799588
9297799622
9297799633
9297899366
9297900611
9297900622
9297944755
9297944766
9297933855
9297933922
7672811055
7360044177
7360044188
7360044277
7360044288
7360044311
7360044322
7360044355
7360044366
7360044377
7360044511
7360044522
7360044533
8407800655
9297877033
7280011688
7280077188
7280077633
7280077644
7280066033
8407800688
7360011933
7360011944
9297933911
8407800188
9297900566
9297900577
9297799677
9297799688
9297799711
9297799722
9297799733
9297799744
9297799755
9297799766
9297922455
9297922466
9297922477
7360033211
7280055933
7280055944
7672811066
7672811077
7672811088
9297922433
9297922488
9297933844
9297933866
9297933877
7360044011
7360044055
9297955911
9297799355
9297944788
7280055122
7280055133
7280055144
9297877044
9297866544
7280055166
7546900144
7360044566
7360044577
7360044588
7360033066
7360033077
7360033911
7360033922
7360033944
9297977244
9297977299
9297977300
9297799411
9297799422
9297799433
9297799877
7280844188
9297799811
9297799822
7808900422
7280011033
7360011022
7360011922
9297900588
9297900633
9297900644
9297900655
9297799466
9297799366
9297799377
9297799388
9297799455
9297799477
9297799488
9297944277
7280022044
7280066088
8406900166
9297933011
9297933044
7280044066
7808900411
9297900677
9297900688
9297955466
9297955477
9297955966
9297955977
9297955988
8406900966
9297904799
9297969199
9297969899
9297873699
9297895199
7360060699
7280043299
7808958699
7547889199
7360043699
7360048799
7360012599
7360016899
7360040299
7360048199
7280033799
7360083099
9297955899
7283003699
7360012099
7360024199
7673880299
7360042599
7280898599
7672812499
7808952199
7808960599
7360044099
7360044399
7360044599
7672890499
9297994099
7673880399
9297955499
9297870399
7280076099
7520091299
7360027899
7360029599
7360031399
7360035699
7672811099
9297873499
7280861799
9297887099
8405802599
7360035499
7360044199
7360044299
7360013899
7360016499
7360017399
7360024299
7280010599
7280023599
7280073899
9297890899
9297970699
7360076799
7280011699
7280016399
7283007599
7280062199
7280069899
7280072499
7280060899
8407800699
7360043899
7360051699
7280873499
9297974599
9297894699
7280898299
9297925699
7280870399
7360012899
9297922499
9297959399
7360062799
9297968599
9297873199
7280015899
7547071399
9297970399
9297970799
9297971699
9297905099
9297927599
7672801099
7280081699
7280072599
8405804699
9297882199
9297886199
7360063599
8405077299
7360045799
7360014899
7360019299
7360021899
7360027099
7360031499
7280070299
7280067099
7280076299
9297974899
9297925099
9297933899
9297921299
9297870799
7280016899
7360040599
7360015499
7360016399
7360018099
7673880699
9297925499
9297894899
7360060899
7360070399
7360082699
9297905299
7280990499
7360040199
7360057199
9297879199
7360031599
9297936399
9534661699
7360029499
7360031299
7360024399
8406004299
9297987399
9297978099
9297974799
9297978199
7280077699
7280071499
7280029499
9297944799
9297925399
7360074599
7360081499
9297959699
9534133299
7280898399
9297925299
9297926199
9297936599
8406901799
9297895099
7280048399
9297992099
9297993199
9297882499
7280048799
7280016499
7280016599
7283006099
7280897199
7280016799
8051374899
7360019599
7360020499
7360033499
9297871899
9297872899
9297900599
7283006899
7283008499
7283008399
9297873299
9297904399
9297894799
8405802399
9297936499
9297959099
9297925899
8406802099
7360070899
8406004399
7280879399
7280898499
7280844199
9297889299
7280066099
7280082699
9297893499
7283003099
7283005399
8407800499
9297921399
9297925799
9297927699
9297930299
7280044099
9297880199
9297900699
9297862599
9297901099
9297880699
9297862699
9297904099
9297973299
9297961899
9297878099
7283003299
7547889499
7280068499
8407800668
8407800669
8407800665
8407800667
9297977220
9297977223
9297977225
9297977228
9297955880
9297955882
9297955441
9297955443
9297955446
9297955448
9297955449
9297955884
9297955885
9297955886
9297955887
9297955889
9297977221
9297977224
9297977226
9297977227
9297977229
9709411226
9297955442
9297955445
9297955447
7546900445
9570311990
9297933881
9297933884
9297933887
9297933889
8407800660
8407800661
8407800662
8407800663
8407800664
9297866114
9297866117
9297866119
7280866229
7280877551
9297922550
9297922442
9297922447
9709511225
9709411224
9297922440
9297922443
9297922446
9297922448
9297922449
9297933880
9297933882
9297933883
9297933885
9297933886
9297955881
9297955883
9297911660
9297944770
9297944771
9297944772
9297944773
9297944774
9297944775
9297944776
9297944778
9297944779
7545855119
9297866559
7631788553
9297866115
9297866558
7280877993
8051077446
9534244223
9297933001
9297933002
9297933003
9297933004
9297933006
9297933008
9297933009
9297900660
9297900661
9297900662
9297900663
9297900664
9297900665
9297900667
9297900668
9297900669
9709211223
9297955990
9709844110
7808900448
7808900449
7672801014
7672801017
9297873730
7520031312
7520031318
7280036364
7280036365
7280036367
9297905052
9297905053
9297905055
9297905056
9297905058
9297972725
7360024240
9297921211
9297921214
9297921217
9297921219
9570658587
7545813138
9297871712
9297871714
9297871715
9297871718
7360036360
7360051516
7360051517
7360051518
7360051519
7360024241
7360024243
7360024244
7360024245
7360024246
7360024247
7360024248
7360024249
9297862622
9297862627
9297862623
9297975751
9297975752
9297975754
9297975755
9297975759
9297974740
9297974742
9297974744
9297974745
9297974748
9297971715
9297971716
8298013133
9709603032
9297905051
7360076761
7360076762
7360076763
7360076764
7360076765
7360076766
7360076769
9297902029
9297870702
9297870703
9297870704
9297870705
9297870706
9297870708
9297870709
8298603032
7360043433
7360043435
7360043436
7360043437
7360043438
7360043439
7360076768
7672801015
7672801016
7672801018
7672801019
9297921210
9297921213
9297921215
9297921216
9297921218
9297936364
9297936365
9297936366
9297936367
9297936368
9297936369
9297937375
9297937376
9297974741
9297974743
9297974746
9297974749
9534331315
9297871713
9297871716
9297871719
9297905054
9297905057
9297905059
7360031311
7360031314
7360025255
7360025256
7360025257
7360031315
7360031316
7360031317
7360031318
7360031319
7280072726
7280072728
7280072729
8676869697
9709259590
9297968684
8405004046
8405004047
9297975750
9297975753
9297975756
9297975758
9570895950
9297968683
9297968685
9297972721
7283001012
7283001014
9297862620
9297862621
9297862624
9297862625
9297862628
9297862629
9297937374
9297937377
9297937379
9297904800
9297873700
8406904300
8298370800
9297890900
9297894800
9297895200
7631361700
7360043700
7360016900
7360040300
9297799600
7283003700
7360012100
7673880400
7673880600
7280898600
9297799800
7360044100
7360044600
7672890500
9297994100
7808960600
7283005400
9709259400
7280076100
7520091300
9709416100
7360029600
7360035700
9297933900
9709504500
9297870800
9297873500
7672812500
9297996700
7360040700
7360044200
7360044300
7360044500
7360017400
7280010600
7280023600
9294920100
8406904200
7280073900
9297961200
9570653200
7280016400
7283007600
7280067200
7280077200
9709828300
7280072500
7549450900
7280070100
7360043900
7360025800
9297921300
8407804700
9297974600
9297975700
9297984100
9297895100
8676074800
7280898300
9297922500
7672890100
7360062800
9709642300
7280016700
9297925600
7547071400
9297905300
9534372100
9297905100
7280081700
9709595100
8405804700
9297873200
9297886200
9297882300
7360063600
9570637800
9297862700
9297799700
9297785100
9297882500
9297981200
7360014900
7360019300
7360021900
7360027100
7360040100
7280076300
9297921200
9297925100
9297936400
9570635200
9570640800
7672840100
9534145900
7520091800
7360040600
7360051400
7360016400
9709369700
9297959400
7673880900
9297970300
9297955900
8298173500
7360082700
9297944800
9709608200
7360040200
7360057200
9297878100
9297880200
7280058600
9570645400
7360027800
7360029500
7360043400
7360083100
9297926200
9297978100
9297974800
7280071500
9709411400
9570657200
7280029500
7280023500
9297880700
9297925400
7360081500
7280872700
9709350200
7360012900
9709599400
8877049400
7280898400
9297925300
9709865400
7281003400
9297992100
9297993200
9297983200
7808957600
9297978200
9709280100
7280050100
7280016500
7283003200
7283006100
7280897200
7282085100
7360019600
7360033500
7808920100
9297894900
9297872900
7283006900
7283008400
9534063100
9709359600
9297887100
9297799400
9709751200
9297936500
9297959100
7360076900
8406802100
7280898500
9570657400
9297893500
9297894700
7283003100
9570099700
9297886300
9297925800
9297930300
9297925900
7280044100
7631247800
9709429700
9709336300
9297862600
9297970200
9297904100
9297959700
9297921400
8406904100
9297974900
9709290300
7808959600
7280068500
9297925700
7360048143
8406003143
7360044143
9297883143
7280052143
7360040143
9297863143
7520031143
7280055143
9297873143
9297969143
9297974143
9297921143
7280023143
9297871143
9297981143
